1610
16633
31144
6991
22650
30154
10065
22509
30874
31579
23758
6197
29438
18054
5667
221
19601
6513
7502
28358
3697
8038
31788
18635
2487
13892
29951
2753
19363
3898
22892
17976
31359
10047
12877
24114
25819
10794
4796
24863
16215
8355
18126
23018
19397
24424
13883
6448
12061
31646
9110
15234
12098
9937
9901
20076
16191
12247
32723
7719
10812
22555
19849
29297
8061
23568
8795
6588
24956
6141
17316
12816
4503
8645
29088
13909
4222
18097
10771
17310
2485
5443
28661
30313
31094
9519
18564
13829
22210
3643
8914
28283
26512
30822
16068
13311
28356
24888
15373
18600
4642
15248
6245
15949
13424
26057
13455
585
20039
15527
28663
9278
11360
17759
18293
28195
14162
9759
14925
12420
2848
8717
29134
24123
10644
17383
32565
20157
11931
19802
26332
1468
28442
18725
19470
2194
13059
9171
16175
6896
30584
24208
20436
9208
14437
6027
3497
8887
4027
1130
19620
19961
31154
6311
1208
28966
3954
6800
32258
14635
17628
1659
17240
9850
29258
30224
17848
32397
28672
26116
13996
4589
21857
29217
29240
28891
9454
26148
13743
0
12428
12103
17423
219
29757
19443
23996
21866
12910
1673
19217
23971
13938
9808
1722
5810
3627
229
14411
4907
20830
10117
10336
19143
20127
5365
28979
11618
12294
29040
22399
4182
13532
25818
365
30673
6120
29903
14313
30762
26382
7516
11915
1231
25021
24236
11492
28396
23812
16104
26832
23242
15412
28960
25416
1293
20688
7846
12351
10694
366
20366
22076
10398
21369
4329
28312
3945
10182
11009
24279
1639
24638
23539
27750
16386
4666
24879
1264
7241
23063
31808
3733
26452
31841
12352
16206
9059
30772
13216
24804
13411
19970
884
11300
5684
15338
4318
16947
24477
32450
507
721
2623
23438
5198
7943
23719
25995
5609
182
28349
5083
17966
14010
6450
5151
9146
24746
32158
2504
9019
6961
32340
9698
3003
10564
6974
1558
21278
20371
12404
29137
24450
22673
28706
27030
23301
12383
23025
7492
17605
19629
14142
31295
25985
4337
27606
26630
27992
18980
19522
28933
25191
9398
24701
18781
30107
11500
27037
2120
6173
19285
32088
15333
28729
24128
9497
482
7466
7503
8754
13821
13069
7156
26175
11583
28118
24676
12648
18615
29361
9190
23797
26838
25141
11889
6114
22286
2073
1671
22911
11695
4923
12178
5495
24969
14426
13993
9979
16158
3282
3886
19214
8566
24031
31349
297
16512
21872
32626
2849
17212
27881
26846
19343
5000
1403
10349
14702
20219
7479
29254
23238
7969
15502
27408
13155
4114
6805
545
26487
26104
29149
8715
13363
10959
24149
7419
32695
2144
2338
18910
21180
6532
21730
19103
14856
27269
14807
17068
31483
25011
17994
6013
21186
5770
16273
31723
16378
23272
3489
28279
25797
20967
783
19170
2613
28216
25711
22291
130
13372
25253
10426
15487
4764
32637
23649
18497
6946
20801
1664
6818
18577
249
5720
18573
19132
17579
3127
15152
32031
8778
17236
11381
3084
29212
20820
27809
15230
27235
7664
13654
31735
8290
21584
10718
2765
12854
28317
32055
23046
13535
5158
29490
20135
10740
1710
11757
1332
2587
31981
5774
8485
28539
27449
2371
4874
24152
11904
29104
20070
5736
2644
21943
26773
653
19466
10285
17494
652
3868
7765
18088
18507
15553
21297
521
20788
10627
6256
26183
24488
18285
19966
28275
28033
31223
14070
10407
6616
17975
30428
15317
4856
7826
30042
32010
7798
3373
2264
20877
14656
8030
23641
14847
14982
20710
30515
25140
2308
20947
28835
6454
10002
8105
14786
18645
15854
30718
1836
31647
22523
32101
7559
12045
16828
22027
23905
17714
14930
24014
28389
7828
4909
28177
27510
8777
19707
17460
5739
3186
6544
15880
20114
7644
21238
11743
22088
12325
12741
8098
19131
27529
10094
14639
4918
16109
1999
5666
27697
494
28613
15088
28259
14838
22638
30728
23398
14764
21655
11937
31250
11464
16026
31417
6602
18570
8708
19560
3679
1022
19852
705
30100
8964
29589
22068
24364
15830
9437
32003
30137
28050
25904
8142
9005
23985
12202
31265
26515
28694
8580
19229
24102
34
19704
3079
12925
17699
2519
19373
23452
18671
11124
32713
4251
28631
5960
4031
24296
8802
8536
7858
20982
19372
14012
9793
23616
2819
13319
8202
20487
11336
16577
21018
31640
27817
25396
30352
1986
15964
27040
28800
7534
1122
13951
23701
31315
2450
23967
32075
19881
15981
17660
15451
2033
30380
25685
2270
2896
17418
11039
24080
20817
591
19530
28762
16445
10735
10254
13393
6198
10680
7752
11593
18895
19269
1210
7751
4887
25969
23470
13021
28920
18236
25469
31523
30143
824
7145
31220
16117
20945
20192
818
10927
21843
24016
2332
15243
10103
22837
9210
19835
15318
23972
9445
8906
6518
7403
30771
22858
27359
1039
25666
22569
21974
29725
15261
27840
10179
31089
15454
15032
31233
30440
26478
25573
22233
28826
31819
7733
7310
23669
32455
3317
25889
22963
32551
30907
17892
6480
32648
10351
20629
17782
31832
15203
29896
10574
14121
750
19514
10783
27286
7898
16444
6369
27082
15943
22531
16952
4181
8101
21320
5266
9078
8499
1974
31973
13967
6963
24410
3487
24091
23868
28415
9026
645
25999
28067
10569
22039
18053
1001
15590
14394
17288
29959
7010
24890
25391
8901
7006
3261
1365
4274
11895
23887
1934
18012
18531
12402
15179
18553
19797
24995
20748
22672
975
9194
22046
6262
7426
26238
14953
12320
25723
29881
9903
9182
16962
15156
15200
25508
28443
23580
13570
6909
24272
5138
12253
29637
26034
3432
13005
10870
17717
2542
15308
4761
5269
12559
29187
28170
32761
25862
25302
635
32224
10303
12770
31290
11204
10885
27966
2142
642
30606
9987
31139
7349
12249
21651
27873
6594
16333
11523
30985
31299
3265
17269
27344
14628
32442
20043
27727
23293
13642
27190
28479
4382
1173
27907
9054
18702
26954
31662
25767
24070
13223
7588
11409
7461
19478
28815
12227
13624
28638
39
29221
30542
10601
23277
13670
14547
16497
13297
11514
656
26073
14339
3350
29558
31192
25828
27821
8728
567
29645
13542
345
26900
348
10663
16948
4841
24322
8963
4450
17556
2856
13175
30258
31456
18337
16310
6565
11628
29877
32463
31024
30438
9334
28472
21029
26089
342
